*- Translatin project: https://translatin.nl* \
*- Head of the project: Jan Bloemendal - https://www.huygens.knaw.nl/medewerkers/jan-bloemendal/* \
*- Author: Andrea Peverelli (Github/AndrewPeverells), Huygens ING, KNAW Humanities Cluster, DHLab - https://www.huygens.knaw.nl/medewerkers/andrea.peverelli* \
*- Supervisor: Marieke van Erp, KNAW Humanities Cluster, DHLab - https://mariekevanerp.com/* \
*- DHLab site: https://dhlab.nl/*

----------------------------------------------------------------------------------------------------------

> # CORPUS PREPARATION
<br />

> ### 0) ASSEMBLING THE CORPUS (Translatin Repository)

3 texts:
- Crocus Ioseph
- Macropedius Hecastus
- Macropedius Ioseph

*2 from the same author / 2 with same topic*
<br />
<br />
> ### 1) CLEANING THE TEXTS


**Replacing punctuation**

1. `text = '[text]'`

2. `x = text.replace(",", " ").replace(".", " ").replace(":", " ").replace(";", " ").replace("!", " ").replace("?", " ").replace("’", " ").replace("-,", " ").replace("*", " ")`\
`print(x)`

<br />

**Changing everything to lower case**

1. `tokens = ['tokens', 'list']`

2. `tokens = [each_string.lower() for each_string in tokens]`\
  `print(tokens)`
  
***
<br />

> # TASKS (through CLTK: http://cltk.org/)

<br />

> ### 2) TOKENIZATION:

`import nltk`\
`from cltk.tokenize.word import WordTokenizer`\
`word_tokenizer = WordTokenizer('latin')`\
`word_tokenizer.tokenize(x)`

<br />

> ### 3) LEMMATIZATION:

`from cltk.lemmatize.latin.backoff import BackoffLatinLemmatizer`\
`lemmatizer = BackoffLatinLemmatizer()`\
`tokens = ['tokens', 'list']`\
`lemmatizer.lemmatize(tokens)`

*(cltk lemmatizer recognizes archaisms too!)*

> ### 4) Calculating Cosine Similarities (see file)

`#Order of texts`
1. crocus 1535
2. mhecastus 1539
3. mjoseph 1544
4. bidermann 1615
5. schonaeus 1592
6. diether 1543
7. libenus_ven 1634
8. libenus_agn 1639

---

9. adelphoe
10. phormio
11. hecyra
12. eunuchus
13. heautontimoroumenos
14. andria

#Results token

[[1.         0.8660948  0.84471926 0.3734088  0.36268099 0.34393066 0.25812454 0.27959937]
 [0.8660948  1.         0.91219689 0.39826538 0.40027209 0.39878717 0.34071463 0.34695016]
 [0.84471926 0.91219689 1.         0.40348016 0.42863184 0.41574455 0.35545061 0.36977497]
 [0.3734088  0.39826538 0.40348016 1.         0.6617966  0.79140007 0.57828258 0.6114134 ]
 [0.36268099 0.40027209 0.42863184 0.6617966  1.         0.63861368 0.40866711 0.4356937 ]
 [0.34393066 0.39878717 0.41574455 0.79140007 0.63861368 1.	    0.62966939 0.6476066 ]
 [0.25812454 0.34071463 0.35545061 0.57828258 0.40866711 0.62966939 1.         0.70117488]
 [0.27959937 0.34695016 0.36977497 0.6114134  0.4356937  0.6476066  0.70117488 1.        ]]

#Results lemma (UDPipe)

[[1.         0.61649507 0.55280961 0.14581661 0.2063941  0.17466047 0.19114248 0.20745617]
 [0.61649507 1.         0.66823401 0.14543268 0.20043631 0.17310526 0.22016814 0.22285136]
 [0.55280961 0.66823401 1.         0.13706539 0.19184915 0.16649958 0.20499831 0.20782786]
 [0.14581661 0.14543268 0.13706539 1.         0.89115135 0.88429814 0.65917478 0.719571  ]
 [0.2063941  0.20043631 0.19184915 0.89115135 1.         0.87876519 0.67001972 0.72005996]
 [0.17466047 0.17310526 0.16649958 0.88429814 0.87876519 1.	    0.70340798 0.74964743]
 [0.19114248 0.22016814 0.20499831 0.65917478 0.67001972 0.70340798 1.         0.86912027]
 [0.20745617 0.22285136 0.20782786 0.719571   0.72005996 0.74964743 0.86912027 1.        ]]

#Results + Terentius token

[[1.         0.7566756  0.745267   0.74756295 0.81677273 0.79526395 0.52646424 0.54320197 0.64619165 0.704219   0.70263895 0.71902314 0.74966442 0.63407884]
 [0.7566756  1.         0.8086555  0.72786055 0.75884999 0.81953397 0.61503435 0.62272308 0.58600081 0.63383218 0.62985141 0.65610823 0.67443864 0.57333012]
 [0.745267   0.8086555  1.         0.69677809 0.74044477 0.81027337 0.6110987  0.60467846 0.54392674 0.6050321  0.61204284 0.62601242 0.65447314 0.55784931]
 [0.74756295 0.72786055 0.69677809 1.         0.7667596  0.76141052 0.54723201 0.57203632 0.66306581 0.71106863 0.66558098 0.73231324 0.74286046 0.64012013]
 [0.81677273 0.75884999 0.74044477 0.7667596  1.         0.8078139  0.53184204 0.53770919 0.63611498 0.70941512 0.70906145 0.71663524 0.75066645 0.65517835]
 [0.79526395 0.81953397 0.81027337 0.76141052 0.8078139  1.	    0.63403467 0.63998582 0.60634413 0.64484338 0.64266528 0.66071552 0.68870414 0.58757126]
 [0.52646424 0.61503435 0.6110987  0.54723201 0.53184204 0.63403467 1.         0.67606275 0.38014786 0.40566143 0.42666772 0.4346396  0.43867488 0.385302  ]
 [0.54320197 0.62272308 0.60467846 0.57203632 0.53770919 0.63998582 0.67606275 1.         0.41269682 0.43462684 0.43525011 0.46409235 0.45455386 0.38790319]
 [0.64619165 0.58600081 0.54392674 0.66306581 0.63611498 0.60634413 0.38014786 0.41269682 1.         0.73394224 0.61279537 0.66152285 0.67216727 0.57598817]
 [0.704219   0.63383218 0.6050321  0.71106863 0.70941512 0.64484338 0.40566143 0.43462684 0.73394224 1.         0.71075797 0.77455056 0.78716547 0.71398901]
 [0.70263895 0.62985141 0.61204284 0.66558098 0.70906145 0.64266528 0.42666772 0.43525011 0.61279537 0.71075797 1.         0.72436958 0.78154498 0.65712973]
 [0.71902314 0.65610823 0.62601242 0.73231324 0.71663524 0.66071552 0.4346396  0.46409235 0.66152285 0.77455056 0.72436958 1. 	      0.79170196 0.68538372]
 [0.74966442 0.67443864 0.65447314 0.74286046 0.75066645 0.68870414 0.43867488 0.45455386 0.67216727 0.78716547 0.78154498 0.79170196 1.         0.72587546]
 [0.63407884 0.57333012 0.55784931 0.64012013 0.65517835 0.58757126 0.385302   0.38790319 0.57598817 0.71398901 0.65712973 0.68538372 0.72587546 1.        ]]

#Results + Terentius lemma

[[1.         0.59613042 0.51361106 0.17030286 0.21304509 0.21037831 0.19891554 0.2138722  0.16932648 0.11373602 0.20858266 0.19767864 0.20115408 0.20243898]
 [0.59613042 1.         0.60055576 0.17284768 0.18770329 0.21452252 0.21028929 0.21122247 0.13666541 0.10379378 0.17156941 0.16330533 0.16191431 0.16686468]
 [0.51361106 0.60055576 1.         0.15387446 0.17953356 0.19866627 0.18862284 0.19518527 0.14846894 0.10671413 0.1758405  0.1668287  0.1727603  0.1722176 ]
 [0.17030286 0.17284768 0.15387446 1.         0.88817877 0.8646935  0.64917303 0.7052502  0.83051223 0.274024   0.84451628 0.86297841 0.87811607 0.82067971]
 [0.21304509 0.18770329 0.17953356 0.88817877 1.         0.90487228 0.62259614 0.67089914 0.79421365 0.28631284 0.84107809 0.82743011 0.85977206 0.80119543]
 [0.21037831 0.21452252 0.19866627 0.8646935  0.90487228 1.	    0.7096593  0.75292315 0.76832826 0.2813828  0.80763549 0.79025433 0.82227897 0.75524478]
 [0.19891554 0.21028929 0.18862284 0.64917303 0.62259614 0.7096593  1.         0.8150062  0.49666593 0.23816342 0.52074041 0.53563486 0.52350845 0.4988348 ]
 [0.2138722  0.21122247 0.19518527 0.7052502  0.67089914 0.75292315 0.8150062  1.         0.57599079 0.2471569  0.60256753 0.62422919 0.60485246 0.57293001]
 [0.16932648 0.13666541 0.14846894 0.83051223 0.79421365 0.76832826 0.49666593 0.57599079 1.         0.32652509 0.85380617 0.85521006 0.88218055 0.81610582]
 [0.11373602 0.10379378 0.10671413 0.274024   0.28631284 0.2813828  0.23816342 0.2471569  0.32652509 1.         0.29367906 0.30502711 0.30209374 0.29802328]
 [0.20858266 0.17156941 0.1758405  0.84451628 0.84107809 0.80763549 0.52074041 0.60256753 0.85380617 0.29367906 1.         0.8958685  0.91812043 0.86352408]
 [0.19767864 0.16330533 0.1668287  0.86297841 0.82743011 0.79025433 0.53563486 0.62422919 0.85521006 0.30502711 0.8958685  1.	      0.92071796 0.87806048]
 [0.20115408 0.16191431 0.1727603  0.87811607 0.85977206 0.82227897 0.52350845 0.60485246 0.88218055 0.30209374 0.91812043 0.92071796 1.         0.88955332]
 [0.20243898 0.16686468 0.1722176  0.82067971 0.80119543 0.75524478 0.4988348  0.57293001 0.81610582 0.29802328 0.86352408 0.87806048 0.88955332 1.        ]]

#Results + Terentius lemma - stopwords

[[1.         0.48828746 0.39973399 0.28923214 0.38655203 0.41771228 0.22118162 0.28211154 0.31330007 0.35458242 0.33727856 0.35938436 0.38701934 0.34679821]
 [0.48828746 1.         0.49298106 0.29169422 0.30422029 0.36250282 0.21481253 0.25974275 0.22185002 0.28097192 0.25074426 0.2823006  0.28731619 0.26520315]
 [0.39973399 0.49298106 1.         0.24955698 0.27497049 0.32113426 0.19749944 0.2262008  0.23662988 0.279665   0.2487131  0.27173758 0.297582   0.24816615]
 [0.28923214 0.29169422 0.24955698 1.         0.57886234 0.50974017 0.45818946 0.45372127 0.33143908 0.3668782  0.31550858 0.41063023 0.38416706 0.37011401]
 [0.38655203 0.30422029 0.27497049 0.57886234 1.         0.57825123 0.30833173 0.33736851 0.39401361 0.41053115 0.40063321 0.47424786 0.47631572 0.37649495]
 [0.41771228 0.36250282 0.32113426 0.50974017 0.57825123 1.	    0.3949185  0.42535225 0.32692802 0.36663934 0.31962045 0.38356336 0.39914439 0.35394103]
 [0.22118162 0.21481253 0.19749944 0.45818946 0.30833173 0.3949185  1.         0.58145556 0.15542566 0.17641413 0.14867411 0.17226784 0.1660696  0.19408612]
 [0.28211154 0.25974275 0.2262008  0.45372127 0.33736851 0.42535225 0.58145556 1.         0.19681251 0.2241847  0.20124161 0.24110415 0.22488726 0.25423118]
 [0.31330007 0.22185002 0.23662988 0.33143908 0.39401361 0.32692802 0.15542566 0.19681251 1.         0.46974249 0.42744636 0.51368486 0.55817192 0.44284629]
 [0.35458242 0.28097192 0.279665   0.3668782  0.41053115 0.36663934 0.17641413 0.2241847  0.46974249 1.         0.4945428  0.61882264 0.62734686 0.625566  ]
 [0.33727856 0.25074426 0.2487131  0.31550858 0.40063321 0.31962045 0.14867411 0.20124161 0.42744636 0.4945428  1.         0.5508325  0.56327809 0.47861095]
 [0.35938436 0.2823006  0.27173758 0.41063023 0.47424786 0.38356336 0.17226784 0.24110415 0.51368486 0.61882264 0.5508325  1.  	      0.64568905 0.56577558]
 [0.38701934 0.28731619 0.297582   0.38416706 0.47631572 0.39914439 0.1660696  0.22488726 0.55817192 0.62734686 0.56327809 0.64568905 1.         0.63261062]
 [0.34679821 0.26520315 0.24816615 0.37011401 0.37649495 0.35394103 0.19408612 0.25423118 0.44284629 0.625566   0.47861095 0.56577558 0.63261062 1.        ]]
